<?xml version="1.0"?>
<opencv_storage>
<polygon>
10.45	9.55
10.45	9.55
10.45	9.55
10.45	9.55
10.45	9.55
10.45	9.55
10.45	9.55
10.45	9.55
10.45	9.55
10.45	9.55
10.45	9.55
10.45	9.55
10.45	9.55
10.45	9.55
10.45	9.55
10.45	9.55
10.45	9.55
10.45	9.55
10.45	9.55
10.45	9.55
10.45	9.55
10.45	9.55
10.45	9.55
10.45	9.55
10.45	9.55
10.45	9.55
10.45	9.55
10.45	9.55
10.45	9.55
10.45	9.55
10.45	9.55
10.45	9.55
10.45	9.55
10.45	9.55
10.45	9.55
10.45	9.55
10.45	9.55
10.45	9.55
10.45	9.55
10.45	9.55
10.45	9.55
10.45	9.55
10.45	9.55
10.45	9.55
10.45	9.55
10.45	9.55
10.45	9.55
10.45	9.55
10.45	9.55
10.45	9.55
10.45	9.55
10.45	9.55
10.45	9.55
10.45	9.55
10.45	9.55
10.45	9.55
10.45	9.55
10.45	9.55
10.45	9.55
10.45	9.55
10.45	9.55
10.45	9.55
10.45	9.55
10.45	9.55
10.45	9.55
10.45	9.55
10.45	9.55
10.45	9.55
10.45	9.55
10.45	9.55
10.45	9.55
10.45	9.55
10.45	9.55
10.45	9.55
10.45	9.55
10.45	9.55
10.45	9.55
10.45	9.55
10.45	9.55
10.45	9.55
10.45	9.55
10.45	9.55
10.45	9.55
10.45	9.55
10.45	9.55
10.45	9.55
10.45	9.55
10.45	9.55
10.45	9.55
10.45	9.55
10.45	9.55
10.45	9.55
10.45	9.55
10.45	9.55
10.45	9.55
10.45	9.55
10.45	9.55
10.45	9.55
10.45	9.55
10.45	9.55
10.45	9.55
10.45	9.55
10.45	9.55
10.45	9.55
10.45	9.55
10.45	9.55
10.45	9.55
10.45	9.55
10.45	9.55
10.45	9.55
10.45	9.55
10.45	9.55
10.45	9.55
10.45	9.55
10.45	9.55
10.45	9.55
10.45	9.55
10.45	9.55
10.45	9.55
10.45	9.55
10.45	9.55
10.45	9.55
10.45	9.55
10.45	9.55
10.45	9.55
10.45	9.55
10.45	9.55
10.45	9.55
10.45	9.55
10.45	9.55
10.45	9.55
10.45	9.55
10.45	9.55
10.45	9.55
10.45	9.55
10.45	9.55
10.45	9.55
10.45	9.55
10.45	9.55
10.45	9.55
10.45	9.55
10.45	9.55
10.45	9.55
10.45	9.55
10.45	9.55
10.45	9.55
10.45	9.55
10.45	9.55
10.45	9.55
10.45	9.55
10.45	9.55
10.45	9.55
10.45	9.55
10.45	9.55
10.45	9.55
10.45	9.55
10.45	9.55
10.45	9.55
10.45	9.55
10.45	9.55
10.45	9.55
10.45	9.55
10.45	9.55
10.45	9.55
10.45	9.55
10.45	9.55
10.45	9.55
10.45	9.55
10.45	9.55
10.45	9.55
10.45	9.55
10.45	9.55
10.45	9.55
10.45	9.55
10.45	9.55
10.45	9.55
10.45	9.55
10.45	9.55
10.45	9.55
10.45	9.55
10.45	9.55
10.45	9.55
10.45	9.55
10.45	9.55
10.45	9.55
10.45	9.55
10.45	9.55
10.45	9.55
10.45	9.55
10.45	9.55
10.45	9.55
10.45	9.55
10.45	9.55
10.45	9.55
10.45	9.55
10.45	9.55
10.45	9.55
10.45	9.55
10.45	9.55
10.45	9.55
10.45	9.55
10.45	9.55
10.45	9.55
10.45	9.55
10.45	9.55
10.45	9.55
10.45	9.55
10.45	9.55
10.45	9.55
10.45	9.55
10.45	9.55
10.45	9.55
10.45	9.55
10.45	9.55
10.45	9.55
10.45	9.55
10.45	9.55
10.45	9.55
10.45	9.55
10.45	9.55
10.45	9.55
10.45	9.55
10.45	9.55
10.45	9.55
10.45	9.55
10.45	9.55
10.45	9.55
10.45	9.55
10.45	9.55
10.45	9.55
10.45	9.55
10.45	9.55
10.45	9.55
10.45	9.55
10.45	9.55
10.45	9.55
10.45	9.55
10.45	9.55
10.45	9.55
10.45	9.55
10.45	9.55
10.45	9.55
10.45	9.55
10.45	9.55
10.45	9.55
10.45	9.55
10.45	9.55
10.45	9.55
10.45	9.55
10.45	9.55
10.45	9.55
10.45	9.55
10.45	9.55
10.45	9.55
10.45	9.55
10.45	9.55
10.45	9.55
10.45	9.55
10.45	9.55
10.45	9.55
10.45	9.55
10.45	9.55
10.45	9.55
10.45	9.55
10.45	9.55
10.45	9.55
10.45	9.55
10.45	9.55
10.45	9.55
10.45	9.55
10.45	9.55
10.45	9.55
10.45	9.55
10.45	9.55
10.45	9.55
10.45	9.55
10.45	9.55
10.45	9.55
10.45	9.55
10.45	9.55
10.45	9.55
10.45	9.55
10.45	9.55
10.45	9.55
10.45	9.55
10.45	9.55
10.45	9.55
10.45	9.55
10.45	9.55
10.45	9.55
10.45	9.55
10.45	9.55
10.45	9.55
10.45	9.55
10.45	9.55
10.45	9.55
10.45	9.55
10.45	9.55
10.45	9.55
10.45	9.55
10.45	9.55
10.45	9.55
10.45	9.55
10.45	9.55
10.45	9.55
10.45	9.55
10.45	9.55
10.45	9.55
10.45	9.55
10.45	9.55
10.45	9.55
10.45	9.55
10.45	9.55
10.45	9.55
10.45	9.55
10.45	9.55
10.45	9.55
10.45	9.55
10.45	9.55
10.45	9.55
10.45	9.55
10.45	9.55
10.45	9.55
10.45	9.55
10.45	9.55
10.45	9.55
10.45	9.55
10.45	9.55
10.45	9.55
10.45	9.55
10.45	9.55
10.45	9.55
10.45	9.55
10.45	9.55
10.45	9.55
10.45	9.55
10.45	9.55
10.45	9.55
10.45	9.55
10.45	9.55
10.45	9.55
10.45	9.55
10.45	9.55
10.45	9.55
10.45	9.55
10.45	9.55
10.45	9.55
10.45	9.55
10.45	9.55
10.45	9.55
10.45	9.55
10.45	9.55
10.45	9.55
10.45	9.55
10.45	9.55
10.45	9.55
10.45	9.55
10.45	9.55
10.45	9.55
10.45	9.55
10.45	9.55
10.45	9.55
10.45	9.55
10.45	9.55
10.45	9.55
10.45	9.55
10.45	9.55
10.45	9.55
10.45	9.55
10.45	9.55
10.45	9.55
10.45	9.55
10.45	9.55
10.45	9.55
10.45	9.55
10.45	9.55
10.45	9.55
10.45	9.55
10.45	9.55
10.45	9.55
10.45	9.55
10.45	9.55
10.45	9.55
10.45	9.55
10.45	9.55
10.45	9.55
10.45	9.55
10.45	9.55
10.45	9.55
10.45	9.55
10.45	9.55
10.45	9.55
10.45	9.55
10.45	9.55
10.45	9.55
10.45	9.55
0	0
</polygon>
</opencv_storage>
