<?xml version="1.0"?>
<opencv_storage>
 <polygon>
 <!-- contre-clock-wise -->
   330.0000e-003   110.0000e-003
   329.4871e-003   126.1649e-003
   327.9506e-003   142.2648e-003
   325.3965e-003   158.2349e-003
   321.8352e-003   174.0110e-003
   317.2809e-003   189.5296e-003
   311.7521e-003   204.7282e-003
   305.2709e-003   219.5458e-003
   297.8635e-003   233.9228e-003
   289.5596e-003   247.8013e-003
   280.3926e-003   261.1254e-003
   270.3993e-003   273.8417e-003
   259.6201e-003   285.8989e-003
   248.0982e-003   297.2485e-003
   235.8801e-003   307.8449e-003
   223.0147e-003   317.6455e-003
   209.5540e-003   326.6107e-003
   195.5520e-003   334.7047e-003
   181.0651e-003   341.8948e-003
   166.1516e-003   348.1520e-003
   150.8714e-003   353.4513e-003
   135.2860e-003   357.7713e-003
   119.4580e-003   361.0946e-003
   103.4513e-003   363.4078e-003
    87.3301e-003   364.7017e-003
    71.1593e-003   364.9711e-003
    55.0039e-003   364.2148e-003
    38.9290e-003   362.4359e-003
    22.9992e-003   359.6416e-003
     7.2785e-003   355.8430e-003
    -8.1697e-003   351.0556e-003
   -23.2834e-003   345.2985e-003
   -38.0017e-003   338.5949e-003
   -52.2655e-003   330.9717e-003
   -66.0173e-003   322.4597e-003
   -79.2019e-003   313.0930e-003
   -91.7662e-003   302.9094e-003
  -103.6596e-003   291.9498e-003
  -114.8344e-003   280.2583e-003
  -125.2456e-003   267.8819e-003
  -134.8513e-003   254.8705e-003
  -143.6128e-003   241.2762e-003
  -151.4949e-003   227.1539e-003
  -158.4660e-003   212.5604e-003
  -164.4979e-003   197.5543e-003
  -169.5664e-003   182.1960e-003
  -173.6512e-003   166.5473e-003
  -176.7357e-003   150.6711e-003
  -178.8076e-003   134.6313e-003
  -179.8585e-003   118.4924e-003
  -179.8843e-003   102.3194e-003
  -178.8848e-003    86.1773e-003
  -176.8640e-003    70.1310e-003
  -173.8300e-003    54.2451e-003
  -169.7952e-003    38.5834e-003
  -164.7756e-003    23.2090e-003
  -158.7915e-003     8.1838e-003
  -151.8670e-003    -6.4319e-003
  -144.0298e-003   -20.5792e-003
  -135.3116e-003   -34.2013e-003
  -125.7475e-003   -47.2433e-003
  -115.3758e-003   -59.6528e-003
  -104.2383e-003   -71.3798e-003
   -92.3798e-003   -82.3773e-003
   -79.8480e-003   -92.6008e-003
   -66.6933e-003  -102.0094e-003
   -52.9687e-003  -110.5652e-003
   -38.7293e-003  -118.2338e-003
   -24.0324e-003  -124.9842e-003
    -8.9371e-003  -130.7895e-003
     6.4958e-003  -135.6261e-003
    22.2043e-003  -139.4747e-003
    38.1251e-003  -142.3197e-003
    54.1943e-003  -144.1498e-003
    70.3471e-003  -144.9575e-003
    86.5187e-003  -144.7397e-003
   102.6440e-003  -143.4972e-003
   118.6580e-003  -141.2349e-003
   134.4964e-003  -137.9620e-003
   150.0955e-003  -133.6917e-003
   165.3925e-003  -128.4412e-003
   180.3260e-003  -122.2314e-003
   194.8357e-003  -115.0876e-003
   208.8634e-003  -107.0382e-003
   222.3526e-003   -98.1159e-003
   235.2491e-003   -88.3563e-003
   247.5009e-003   -77.7989e-003
   259.0589e-003   -66.4861e-003
   269.8765e-003   -54.4633e-003
   279.9101e-003   -41.7789e-003
   289.1195e-003   -28.4840e-003
   297.4676e-003   -14.6321e-003
   304.9208e-003  -278.7696e-006
   311.4492e-003    14.5181e-003
   317.0264e-003    29.6991e-003
   321.6300e-003    45.2031e-003
   325.2416e-003    60.9678e-003
   327.8465e-003    76.9296e-003
   329.4343e-003    93.0246e-003
   329.9987e-003   109.1877e-003
 </polygon>
</opencv_storage>
