<?xml version="1.0"?>
<opencv_storage>
  <polygon>
  <!-- contre-clock-wise -->
  3.7136903021769069e-01 1.4601102516071543e-01 3.7119002820912833e-01
  1.2064685591218000e-01 3.6880102895472999e-01 9.5374050029055177e-02
  3.6421441270154137e-01 7.0384993064384144e-02 3.5745938132284838e-01
  4.5870881342352871e-02 3.4858179124451183e-01 2.2020153527555208e-02
  3.3764416698343003e-01 -9.8274366110376841e-04 3.2472530309317676e-01
  -2.2958915797550900e-02 3.0991957039558421e-01 -4.3736630601517362e-02
  2.9333706775824042e-01 -6.3152735207590183e-02 2.7510169007309737e-01
  -8.1053885738348638e-02 2.5535141503556874e-01 -9.7298219104308858e-02
  2.3423646811486404e-01 -1.1175599850710946e-01 2.1191864628153589e-01
  -1.2431168031638626e-01 1.8856998434504504e-01 -1.3486399932872861e-01
  1.6437094986019354e-01 -1.4332771393379473e-01 1.3950964324916507e-01
  -1.4963392445349430e-01 1.1417974702157639e-01 -1.5373102437618891e-01
  8.8579304582291657e-02 -1.5558476565829127e-01 6.2908469782998966e-02
  -1.5517928684533294e-01 3.7368564431581534e-02 -1.5251660691674587e-01
  1.2159712269863796e-02 -1.4761722487930015e-01 -1.2520499588242572e-02
  -1.4051953458700822e-01 -3.6478794206284436e-02
  -1.3127948380947888e-01 -5.9527788949448622e-02
  -1.1997052987849574e-01 -8.1487753504714697e-02
  -1.0668265774688800e-01 -1.0218779238957924e-01
  -9.1521276545004929e-02 -1.2146769612726979e-01
  -7.4607071712287074e-02 -1.3917882740722623e-01
  -5.6074145013818029e-02 -1.5518549032337686e-01
  -3.6069326226270446e-02 -1.6936599755899301e-01
  -1.4750569017481580e-02 -1.8161350966222559e-01 7.7141093782111337e-03
  -1.9183694325364092e-01 3.1148368062470823e-02 -1.9996148804367614e-01
  5.5369070321007061e-02 -2.0592907619282710e-01 8.0187380404319455e-02
  -2.0969876285047981e-01 1.0541086051317981e-01 -2.1124692505141429e-01
  1.3084474960313763e-01 -2.1056720357284173e-01 1.5629365342543591e-01
  -2.0767045698836636e-01 1.8156295215952606e-01 -2.0258440269719785e-01
  2.0646044227329483e-01 -1.9535345670113002e-01 2.3079775640803499e-01
  -1.8603793165514193e-01 2.5439171998132026e-01 -1.7471365594521565e-01
  2.7706565336206718e-01 -1.6147117321834875e-01 2.9865077782612448e-01
  -1.4641482655806909e-01 3.1898718369992024e-01 -1.2966204996761696e-01
  3.3792509842712082e-01 -1.1134218332692992e-01 3.5532580483897791e-01
  -9.1595631500666769e-02 3.7106249985737955e-01 -7.0572591919826955e-02
  3.8502108565804033e-01 -4.8432028542033025e-02 3.9710093436515886e-01
  -2.5340415650392856e-02 4.0721546172115325e-01 -1.4707242102355168e-03
  4.1529263964874874e-01 2.2999163001453545e-02 4.2127530725109691e-01
  4.7887324457732125e-02 4.2512163888383148e-01 7.3009360268410553e-02
  4.2680514289493432e-01 9.8179381634132590e-02 4.2631501326748955e-01
  1.2321160066661659e-01 4.2365593542805163e-01 1.4792109596684680e-01
  4.1884819509264948e-01 1.7212545809718441e-01 4.1192736761863125e-01
  1.9564589622339634e-01 4.0294420195776126e-01 2.1830836461787109e-01
  3.9196419671493549e-01 2.3994483686792847e-01 3.7906730016539675e-01
  2.6039428179034269e-01 3.6434720559846950e-01 2.7950405661431521e-01
  3.4791108479288074e-01 2.9713068997430253e-01 3.2987854982608894e-01
  3.1314108415162822e-01 3.1038124147495777e-01 3.2741338237363393e-01
  2.8956165448446708e-01 3.3983805483913876e-01 2.6757267287160602e-01
  3.5031859306771335e-01 2.4457612368369824e-01 3.5877228809028705e-01
  2.2074202356784015e-01 3.6513120332713406e-01 1.9624727692196320e-01
  3.6934250306511912e-01 1.7127460148572882e-01 3.7136903021769069e-01
  1.4601102516071543e-01
  </polygon>
</opencv_storage>
